22,22,22,22
22,22,22,22
22,40,22,50
22,22,22,22
67,12,34,29
22,22,22,22
33,33,33,33
33,90,90,90
10,30,30,30
23,23,23,23
70,70,70,70
80,80,80,80
80,80,80,80
70,70,50,70
70,70,70,70
69,69,69,69
80,80,80,80
61,35,69,23
61,35,69,23
60,25,46,21
61,63,43,23
61,63,69,43
23,35,64,20
30,30,30,30
20,20,20,20
20,20,20,20
20,20,20,20
20,20,20,20
20,20,20,20
30,40,20,30
61,61,69,45
70,70,70,70
70,70,70,50
50,50,50,50
70,40,50,40
50,40,60,2
70,70,70,70
50,50,50,50
70,70,70,70
50,50,50,50
38,93,83,83
12,12,12,12
10,10,10,10
10,10,10,10
10,10,10,10
10,10,10,10
1,1,1,1
11,11,11,11
1,1,1,1
80,80,80,80
90,90,90,90
100,100,100,100
80,80,80,80
84,80,80,80
90,90,90,90
80,80,80,80
80,80,80,80
90,90,90,90
90,90,90,90
80,80,80,80
80,80,80,80
20,20,20,20
30,90,30,30
90,90,90,90
30,30,30,30
12,12,12,12
40,40,40,40
12,12,12
12,12,12
90,90,90
80,80,80
90,90,90
78,87,90
80,70,60
70,80,80
70,70,70
80,80,80
90,90,90
90,90,90
90,90,90
80,80,80
90,90,90
90,90,90
90,90,90
80,80,80
70,70,70
